{
  "nbformat": 4,
  "nbformat_minor": 0,
  "metadata": {
    "colab": {
      "provenance": []
    },
    "kernelspec": {
      "name": "python3",
      "display_name": "Python 3"
    },
    "language_info": {
      "name": "python"
    }
  },
  "cells": [
    {
      "cell_type": "markdown",
      "source": [
        "Часть 2. Марковские цепи. Матрица переходов для ДНК 1-го порядка"
      ],
      "metadata": {
        "id": "CQRaYbhvhANL"
      }
    },
    {
      "cell_type": "code",
      "source": [
        "!pip install biopython"
      ],
      "metadata": {
        "colab": {
          "base_uri": "https://localhost:8080/"
        },
        "id": "Iy7mQk7phiI-",
        "outputId": "701930fc-778b-4b01-f3f5-2f95d2aac237"
      },
      "execution_count": 2,
      "outputs": [
        {
          "output_type": "stream",
          "name": "stdout",
          "text": [
            "Collecting biopython\n",
            "  Downloading biopython-1.87-cp312-cp312-manylinux2014_x86_64.manylinux_2_17_x86_64.manylinux_2_28_x86_64.whl.metadata (13 kB)\n",
            "Requirement already satisfied: numpy in /usr/local/lib/python3.12/dist-packages (from biopython) (2.0.2)\n",
            "Downloading biopython-1.87-cp312-cp312-manylinux2014_x86_64.manylinux_2_17_x86_64.manylinux_2_28_x86_64.whl (3.2 MB)\n",
            "\u001b[?25l   \u001b[90m━━━━━━━━━━━━━━━━━━━━━━━━━━━━━━━━━━━━━━━━\u001b[0m \u001b[32m0.0/3.2 MB\u001b[0m \u001b[31m?\u001b[0m eta \u001b[36m-:--:--\u001b[0m\r\u001b[2K   \u001b[91m━━━━━━━━━━━━━━━━━━\u001b[0m\u001b[90m╺\u001b[0m\u001b[90m━━━━━━━━━━━━━━━━━━━━━\u001b[0m \u001b[32m1.5/3.2 MB\u001b[0m \u001b[31m44.2 MB/s\u001b[0m eta \u001b[36m0:00:01\u001b[0m\r\u001b[2K   \u001b[91m━━━━━━━━━━━━━━━━━━━━━━━━━━━━━━━━━━━━━━━\u001b[0m\u001b[91m╸\u001b[0m \u001b[32m3.2/3.2 MB\u001b[0m \u001b[31m65.3 MB/s\u001b[0m eta \u001b[36m0:00:01\u001b[0m\r\u001b[2K   \u001b[90m━━━━━━━━━━━━━━━━━━━━━━━━━━━━━━━━━━━━━━━━\u001b[0m \u001b[32m3.2/3.2 MB\u001b[0m \u001b[31m39.9 MB/s\u001b[0m eta \u001b[36m0:00:00\u001b[0m\n",
            "\u001b[?25hInstalling collected packages: biopython\n",
            "Successfully installed biopython-1.87\n"
          ]
        }
      ]
    },
    {
      "cell_type": "code",
      "execution_count": 8,
      "metadata": {
        "colab": {
          "base_uri": "https://localhost:8080/"
        },
        "id": "nZup1YvLgunT",
        "outputId": "fd588cea-71e3-48df-cf5e-268722294f42"
      },
      "outputs": [
        {
          "output_type": "stream",
          "name": "stdout",
          "text": [
            "Длина последовательности: 10000\n",
            "Матрица частот динуклеотидов:\n",
            " [[800 534 535 783]\n",
            " [640 791 628 469]\n",
            " [488 710 777 471]\n",
            " [723 494 506 650]]\n",
            "\n",
            "Матрица переходов P (4x4):\n",
            " [[0.30165913 0.20135747 0.20173454 0.29524887]\n",
            " [0.25316456 0.31289557 0.24841772 0.18552215]\n",
            " [0.1995094  0.29026983 0.31766149 0.19255928]\n",
            " [0.30467762 0.20817531 0.2132322  0.27391488]]\n",
            "Суммы строк P: [1. 1. 1. 1.]\n",
            "\n",
            "Стационарное распределение π: [0.2651204  0.25293833 0.24463027 0.237311  ]\n",
            "  A: 0.2651, C: 0.2529, G: 0.2446, T: 0.2373\n",
            "\n",
            "Наблюдаемые частоты нуклеотидов: {'A': np.float64(0.2652), 'C': np.float64(0.2529), 'G': np.float64(0.2446), 'T': np.float64(0.2373)}\n",
            "Стационарные частоты π: {'A': np.float64(0.265120399121101), 'C': np.float64(0.25293833100026564), 'G': np.float64(0.24463026638971352), 'T': np.float64(0.23731100348891987)}\n"
          ]
        }
      ],
      "source": [
        "import numpy as np\n",
        "from Bio import SeqIO\n",
        "\n",
        "# Загрузка последовательности, сгенерируем демонстрационную последовательность\n",
        "def load_sequence():\n",
        "    try:\n",
        "        record = SeqIO.read(\"sequence.fasta\", \"fasta\")\n",
        "        return str(record.seq)\n",
        "    except FileNotFoundError:\n",
        "\n",
        "        rng = np.random.default_rng(123)\n",
        "\n",
        "        nucs = ['A','C','G','T']\n",
        "        seq = [rng.choice(nucs)]\n",
        "\n",
        "        trans_mat = np.array([[0.3, 0.2, 0.2, 0.3],\n",
        "                              [0.25,0.3,0.25,0.2],\n",
        "                              [0.2,0.3,0.3,0.2],\n",
        "                              [0.3,0.2,0.2,0.3]])\n",
        "        idx = {'A':0,'C':1,'G':2,'T':3}\n",
        "        for _ in range(9999):\n",
        "            prev = seq[-1]\n",
        "            seq.append(rng.choice(nucs, p=trans_mat[idx[prev]]))\n",
        "        return ''.join(seq)\n",
        "\n",
        "seq = load_sequence()\n",
        "print(f\"Длина последовательности: {len(seq)}\")\n",
        "\n",
        "# Частоты 16 динуклеотидов\n",
        "nucleotides = ['A','C','G','T']\n",
        "idx_map = {n:i for i,n in enumerate(nucleotides)}\n",
        "dim = 4\n",
        "dinuc_counts = np.zeros((dim, dim), dtype=int)\n",
        "\n",
        "for i in range(len(seq)-1):\n",
        "    first = idx_map[seq[i]]\n",
        "    second = idx_map[seq[i+1]]\n",
        "    dinuc_counts[first, second] += 1\n",
        "\n",
        "print(\"Матрица частот динуклеотидов:\\n\", dinuc_counts)\n",
        "\n",
        "#  Матрица переходов P_ij = P(j|i)\n",
        "P = dinuc_counts / dinuc_counts.sum(axis=1, keepdims=True)\n",
        "print(\"\\nМатрица переходов P (4x4):\\n\", P)\n",
        "\n",
        "row_sums = P.sum(axis=1)\n",
        "print(\"Суммы строк P:\", row_sums)\n",
        "\n",
        "# -Стационарное распределение π\n",
        "eigenvalues, eigenvectors = np.linalg.eig(P.T)\n",
        "\n",
        "idx = np.argmin(np.abs(eigenvalues - 1.0))\n",
        "pi = np.real(eigenvectors[:, idx])\n",
        "pi = pi / pi.sum()\n",
        "print(\"\\nСтационарное распределение π:\", pi)\n",
        "print(f\"  A: {pi[0]:.4f}, C: {pi[1]:.4f}, G: {pi[2]:.4f}, T: {pi[3]:.4f}\")\n",
        "\n",
        "obs_counts = np.array([seq.count(n) for n in nucleotides], dtype=float)\n",
        "obs_freq = obs_counts / len(seq)\n",
        "print(\"\\nНаблюдаемые частоты нуклеотидов:\", dict(zip(nucleotides, obs_freq)))\n",
        "print(\"Стационарные частоты π:\", dict(zip(nucleotides, pi)))\n"
      ]
    }
  ]
}